libsvm(matlab版)中数据的输入格式及其使用方法(***可以参考文件夹中的readme文件)

请问如果是10个类别6个特征，那svmtrain中的输入数据的格式应该是10*6矩阵吗? 例如数据如下 
a1 a2 a3 a4 a5 a6
1 0.0628 0.1613 0.4946 0.8872 0.1153 0.1016
2 0.0457 0.0061 0.7534 0.0942 0.6436 0.0822;
3 0.7151 0.1737 0.4131 0.2955 0.4139 0.1625;
4 0.0162 0.0059 0.5896 0.0691 0.0223 0.1058;
5 0.0885 0.4214 0.5388 0.5659 0.0267 0.1749;
6 0.0648 0.6207 0.2004 0.7191 0.0166 0.1743;
7 0.2116 0.5847 0.4846 0.5043 0.0259 0.1553;
8 0.1524 0.0795 0.6796 0.2766 0.0049 0.2047;
9 0.0971 0.1448 0.6828 0.4673 0.0037 0.0560;
10 0.0727 0.4246 0.1971 0.8362 0.0738 0.2435;
那么svmtrain(label_vector,instance_matrix, '-c 1 -g 2 -b 1');中的

label_vector=[1;2;3;4;5;6;7;8;9;10];

instance_matrix= [0.0628 0.1613 0.4946 0.8872 0.1153 0.1016
0.0457 0.0061 0.7534 0.0942 0.6436 0.0822;
0.7151 0.1737 0.4131 0.2955 0.4139 0.1625;
0.0162 0.0059 0.5896 0.0691 0.0223 0.1058;
0.0885 0.4214 0.5388 0.5659 0.0267 0.1749;
0.0648 0.6207 0.2004 0.7191 0.0166 0.1743;
0.2116 0.5847 0.4846 0.5043 0.0259 0.1553;
0.1524 0.0795 0.6796 0.2766 0.0049 0.2047;
0.0971 0.1448 0.6828 0.4673 0.0037 0.0560;
0.0727 0.4246 0.1971 0.8362 0.0738 0.2435;];

model = svmtrain(label_vector, instance_matrix, '-c 1 -g 2')

[predict_label, accuracy, prob_estimates] = svmpredict(label_vector, instance_matrix, model)